route_id,service_id,trip_id,trip_short_name
1,1,2872,R
2,2,9473,R
3,3,4205,R
4,3,4207,R
5,3,4335,R
6,4,4331,R
7,5,4074,R
8,6,4361,R
9,7,4308,R
10,3,7569,R
11,3,9477,R
12,3,9476,R
13,3,36313,R
13,3,36315,R
14,8,4321,R
15,9,4322,R
16,10,4454,R
17,3,36326,R
18,11,4340,R
19,3,2611,R
20,3,5311,R
21,3,5213,R
22,12,4083,R
23,13,3620,R
23,14,3628,R
24,3,3629,R
25,15,3627,R
26,3,3635,R
27,14,3622,R
28,14,3641,R
29,3,9576,R
30,3,9552,R
31,11,4044,R
32,11,4371,R
33,11,4374,R
31,11,4046,R
34,3,4532,R
35,16,2421,R
36,14,3633,R
15,17,4318,R
37,3,6444,R
38,3,9370,R
39,1,1655,IR
40,3,9343,R
41,3,2569,R
42,3,4362,R
29,3,9578,R
43,3,1793,IR
44,3,6501,R
45,10,6463,R-E
46,18,4544,R
47,3,7957,R-E
48,19,3111,R
49,3,7037,R
50,3,8151,R
51,3,8203,R
40,18,9345,R
52,14,2386,R
53,20,2094,R
54,21,8804,R
55,3,6413,R
56,3,3074,R
57,3,1680,IR
58,22,2083,R
59,3,9010,R
60,3,37656,R
61,3,2070,R
62,3,3126,R
63,3,4452,R
64,1,2382,R
65,3,9553,R
66,18,5013,R
67,23,9666,R
68,1,1660,IR
69,3,7951,R-E
70,3,8588,R
46,3,4546,R
71,3,2203,R
72,24,4525,R
62,25,3122,R
73,3,3030,R
74,17,4655,R
75,3,4334,R
76,14,3623,R
77,3,5462,R
78,3,7948,R-E
49,3,7035,R
79,14,9166,R
80,3,5201,R
78,3,7952,R-E
81,3,1832,IR
82,18,9346,R
83,3,5021,R
84,26,8391,R
54,27,8364,R
85,3,3112,R
86,28,4650,R
87,1,1661,IR
88,3,9358,R
89,3,8397,R
90,3,2303,R
91,3,9305,R
92,3,7363,R
93,20,1533,IR
94,3,473,IR-N
95,29,1095,IR
96,3,5032,R
97,3,1882,IR
98,18,9301,R
99,3,7960,R-E
100,3,5523,R
101,14,9167,R
102,3,4511,R
103,3,5723,R
104,30,4705,R
105,17,4652,R
106,3,5510,R
107,18,5016,R
79,31,9170,R
108,3,7901,R-E
109,3,1541,IR
43,3,1781,IR
46,3,4550,R
110,3,1830,IR
111,32,2873,R
112,10,5741,R-E
113,33,2022,R
114,3,5303,R
115,3,9005,R
116,12,4580,R
117,34,8806,R
118,10,9135,R
119,35,1968,IR
120,18,9485,R
121,3,6412,R
122,3,9613,R
123,3,9351,R
124,3,5207,R
18,36,4342,R
125,12,9383,R
126,3,5605,R
127,37,9610,R
128,3,9107,R
129,3,4547,R
31,3,4042,R
130,38,9580,R
131,10,5740,R-E
132,3,2620,R
133,3,5628,R
134,12,4082,R
135,3,2627,R
90,39,2301,R
136,3,5720,R
137,3,1794,IR
138,3,9573,R
139,3,6812,R
140,3,1691,IR
141,18,5711,R
142,3,9022,R
143,3,6456,R
144,3,3089,R
145,1,1656,IR
146,3,5524,R
147,1,1521,IR
148,3,3027,R
70,3,8584,R
149,3,2502,R
150,3,8444,R
151,3,9438,R
152,3,4520,R
153,3,9611,R
154,12,2515,R
155,40,4026,R-E
156,21,8036,R
157,34,1972,IR
158,41,2009,R-E
159,18,9382,R
160,3,3072,R
161,11,4045,R
162,3,9122,R
163,13,2700,R
164,34,8656,R
133,3,5626,R
106,3,5504,R
165,42,2854,R
161,3,4043,R
166,11,4314,R
167,26,1821,IR-N
168,31,1992,IR-N
133,3,5624,R
169,43,9530,R
170,3,2567,R
171,1,1736,IR
172,14,2708,R
173,44,3076,R
174,3,5467,R
175,10,9405,R
176,10,9064,R
129,3,4543,R
43,3,1791,IR
177,45,8082,R-E
178,3,5058,R
179,3,9024,R
180,41,2088,R
71,3,2213,R
181,37,2042,R
182,12,3514,R
183,3,3042,R
77,3,5466,R
184,3,687,IR
185,46,1530,IR
186,3,9575,R
187,10,9347,R
188,3,7038,R
189,47,8360,R
190,3,4104,R
68,3,1662,IR
191,3,9103,R
192,18,5701,R
193,3,4501,R
69,48,7949,R-E
2,1,9475,R
82,18,9344,R
194,3,8083,R-E
195,10,9505,R
196,3,3041,R
197,3,4455,R
198,3,7032,R
199,3,5433,R
200,18,3533,R
201,49,1941,IR-N
202,12,2065,R
203,3,375,IR
152,18,4516,R
204,3,9038,R-E
205,3,5011,R
156,26,8034,R
206,45,8654,R
207,3,4531,R
208,11,4301,R
209,3,9388,R
210,50,1594,IR
122,14,9617,R
211,3,5423,R
212,14,2704,R
213,3,5435,R
214,18,9439,R
215,3,8014,R
216,51,9060,R
217,52,9487,R
218,10,4151,R
219,50,1635,IR
220,1,1665,IR
221,3,9016,R-E
222,18,3084,R
78,3,7954,R-E
223,3,7371,R
224,3,9006,R
174,3,5461,R
225,53,4365,R
226,14,9504,R
227,54,4517,R
228,3,5568,R
229,3,367,IR
31,3,4048,R
230,3,9163,R
231,3,4106,R
232,3,9572,R
233,1,1657,IR
234,34,1984,IR
235,3,2064,R
236,3,4537,R
89,26,8393,R
237,55,1061,R
238,54,4514,R
57,3,1588,IR
239,3,2048,R
240,26,1862,IR
241,3,370,IR
242,3,9000,R-E
243,26,8384,R
244,3,2183,R
245,3,2413,R
246,3,5431,R
247,3,4020,R-E
248,1,1645,IR
249,3,5219,R
250,56,1557,IR
251,3,4302,R
252,3,9013,R-E
253,3,5053,R
208,3,4303,R
254,3,8653,R
151,3,9434,R
255,57,4110,R
256,58,9026,R
257,59,2606,R
258,14,9557,R
116,12,4582,R
259,3,1632,IR
260,18,7031,R
236,3,4539,R
14,17,4317,R
38,18,9364,R
261,3,4507,R
262,34,1970,IR
263,1,1664,IR
264,34,8598,R
265,3,5734,R
266,18,9486,R
267,18,3532,R
268,3,6822,R
269,3,9619,R
270,12,4101,R
271,3,2603,R
272,3,2046,R
273,3,2101,R
165,60,2860,R
274,12,1551,IR
275,3,7568,R
79,3,9164,R
245,10,2417,R
78,3,7930,R-E
276,3,5071,R
277,3,9106,R
278,10,9139,R
279,21,1920,IR-N
137,3,1790,IR
280,61,2437,R
281,3,3082,R
164,3,8650,R
282,3,1570,IR
283,3,2095,R
284,18,5712,R
285,3,7902,R-E
286,34,1914,IR
287,3,4103,R
288,62,8377,R
31,17,4050,R
289,3,5612,R
290,3,7572,R
291,12,6314,R
69,3,7947,R-E
174,3,5463,R
78,3,7924,R-E
292,3,1750,IR
293,3,4506,R
294,11,1595,IR
295,10,2076,R
78,3,7942,R-E
276,3,5073,R
296,3,5566,R
71,3,2209,R
104,63,4305,R
297,10,4486,R
298,55,1064,R
78,3,7956,R-E
299,64,8004,R
300,3,9373,R
166,3,4316,R
108,3,7905,R-E
301,1,1624,IR
302,14,2707,R
12,65,9472,R
303,3,686,IR
304,3,9608,R
305,1,1831,IR
60,3,37630,R
306,3,5471,R
82,18,9352,R
307,3,1667,IR-N
308,24,4528,R
309,23,3642,R
310,3,3543,R
311,3,5051,R
312,3,6451,R
313,10,4330,R
105,11,4654,R
314,18,7362,R
315,3,6502,R
316,66,1552,IR
77,3,5460,R
43,18,1783,IR
317,3,3031,R
318,67,3128,R
78,3,7938,R-E
319,10,2075,R
261,18,4503,R
320,3,2415,R
77,3,5464,R
69,3,7955,R-E
300,18,9371,R
321,3,9137,R
92,3,7361,R
161,3,4047,R
74,11,4653,R
322,18,8121,R
323,3,9669,R
324,3,2624,R
325,3,1597,IR
326,12,4704,R
327,68,2594,R
328,45,1583,IR
329,69,9389,R
330,3,5560,R
46,3,4540,R
331,14,9501,R
332,3,1681,IR
333,1,1824,IR
334,3,8592,R
335,3,5412,R
307,3,1663,IR
336,21,1930,IR-N
236,18,4533,R
337,3,3127,R
338,3,1884,IR
339,10,9066,R
340,3,4453,R
341,3,4010,R-E
342,3,5442,R
343,3,1584,IR
344,70,8001,R
345,71,5402,R
346,3,37647,R
347,26,8031,R
348,3,5421,R
349,18,5211,R
178,18,5056,R
350,41,2007,R-E
351,3,146,IR
352,3,3085,R
353,3,2036,R
354,3,405,IR-N
355,1,3023,R
257,3,2604,R
356,3,9111,R
78,3,7926,R-E
357,41,3115,R
358,3,3024,R
359,3,2501,R
360,3,9123,R
361,3,6504,R
78,3,7916,R-E
362,1,2857,R
363,3,1765,IR-N
364,3,2038,R
69,3,7921,R-E
365,3,6811,R
366,3,9694,R
237,3,1063,R
367,72,2063,R
106,3,5502,R
368,1,2383,R
369,73,4145,R
370,3,7566,R
371,3,2621,R
372,3,8443,R
373,3,4022,R-E
374,3,4530,R
375,3,3547,R
55,3,6415,R
376,14,2709,R
377,3,5217,R
378,3,9021,R
379,37,2027,R
228,3,5572,R
380,3,8153,R
273,3,2103,R
137,18,1786,IR
381,3,3086,R
382,3,3125,R
383,12,2577,R
384,3,9160,R
385,3,9003,R
288,74,8385,R
386,3,1890,IR
387,18,5031,R
288,75,8387,R
388,14,2381,R
389,35,6462,R-E
390,76,7364,R
391,32,1859,IR
69,3,7941,R-E
392,1,9533,R
169,10,9532,R
393,54,5305,R
394,14,9192,R
395,3,5574,R
396,3,8202,R
397,34,1982,IR
57,77,1586,IR
398,78,2086,R
194,3,8085,R-E
96,3,5034,R
399,3,348,IR
400,18,5210,R
137,3,1782,IR
16,53,4076,R
299,79,8024,R
401,18,9018,R-E
402,3,4064,R
403,80,8011,R
404,3,9623,R
405,3,366,IR
406,3,4403,R
174,3,5465,R
407,12,9134,R
408,49,4014,R-E
409,3,5583,R
44,3,6503,R
410,3,9014,R-E
377,3,5215,R
411,81,8801,R
412,3,1574,IR
413,3,3075,R
414,11,4338,R
415,3,5606,R
70,3,8586,R
416,18,2871,R
417,3,404,IR-N
418,10,9033,R-E
419,3,8122,R
420,41,2085,R
421,26,8383,R
186,3,9193,R
422,3,2516,R
423,3,2445,R
31,28,4092,R
424,12,2851,R
425,3,9303,R
426,3,2300,R
427,3,9625,R
149,3,2504,R
143,3,6452,R
428,1,1823,IR
429,18,4524,R
430,3,3008,R-E
264,45,8594,R
431,3,472,IR-N
101,3,9171,R
432,3,8201,R
433,3,9186,R-E
228,3,5564,R
434,3,2608,R
435,18,5413,R
436,3,9132,R
437,3,74,IR
70,3,8580,R
438,69,2438,R
277,3,9104,R
439,3,5107,R
440,3,4485,R
441,18,4523,R
442,3,9664,R
443,14,2188,R
444,3,2855,R
445,21,8342,R
446,3,3029,R
211,3,5419,R
447,3,9113,R
448,82,4143,R
449,12,4311,R
450,18,8003,R
451,78,2091,R
449,3,4091,R
54,83,8396,R
452,3,2573,R
453,3,3545,R
454,49,1952,IR-N
455,3,143,IR
456,3,5443,R
74,28,4651,R
457,3,2061,R
406,3,4405,R
404,3,9627,R
458,3,5627,R
38,18,9362,R
459,3,78,IR-N
460,21,1960,IR-N
5,84,4341,R
146,3,5526,R
461,85,9194,R
462,3,3021,R
463,41,4015,R-E
78,3,7920,R-E
464,42,5003,R-E
465,86,1638,IR
466,10,2012,R-E
467,3,7567,R
137,18,1788,IR
468,1,1590,IR
49,3,7033,R
469,18,9028,R
470,1,2010,R-E
300,18,9359,R
471,18,4515,R
403,3,8015,R
89,87,8399,R
472,3,9306,R
78,3,7950,R-E
137,3,1784,IR
142,54,9032,R
473,88,4013,R-E
474,34,1994,IR
475,3,3511,R
40,3,9341,R
476,3,4006,R-E
144,3,3083,R
477,3,9120,R
108,3,7909,R-E
478,18,5414,R
300,18,9367,R
372,3,8595,R
479,14,8032,R
480,3,8016,R
132,3,2622,R
259,3,3002,R-E
481,3,4504,R
222,3,3080,R
68,3,1668,IR-N
85,3,3116,R
69,3,7939,R-E
482,89,5403,R
483,3,2077,R
484,3,9551,R
485,3,4482,R
486,3,4306,R
57,3,1580,IR
362,90,2853,R
487,34,2591,R
488,37,2029,R
489,62,8372,R
404,3,9615,R
490,3,5710,R
491,91,1532,IR
492,3,2850,R
38,18,9372,R
452,12,2575,R
493,3,2214,R
200,3,3535,R
494,3,349,IR
78,3,7958,R-E
495,62,8362,R
496,3,5505,R
497,3,2581,R
498,3,5522,R
458,3,5623,R
499,3,5405,R
500,12,6315,R
203,3,379,IR
501,1,1833,IR
502,41,4016,R-E
71,3,2201,R
426,39,2302,R
503,3,5072,R
347,21,8033,R
504,18,3091,R
69,3,7929,R-E
422,3,2514,R
186,3,9577,R
505,3,8154,R
506,3,3546,R
254,34,8651,R
507,3,1835,IR
508,3,9102,R
54,21,8800,R
509,3,4105,R
510,28,4332,R
82,3,9342,R
194,3,8087,R-E
511,51,9062,R
512,92,9481,R
194,18,8081,R-E
513,1,4008,R-E
285,3,7906,R-E
69,3,7925,R-E
514,49,1922,IR-N
515,3,4333,R
166,3,4312,R
516,20,2093,R
508,3,9108,R
166,10,4324,R
517,3,5106,R
518,93,8346,R
519,65,9471,R
78,3,7940,R-E
439,3,5111,R
496,3,5501,R
520,3,1654,IR-N
521,3,377,IR
522,1,1646,IR
523,26,1861,IR
227,54,4519,R
524,3,4505,R
525,3,1572,IR
526,94,5002,R-E
527,11,7574,R
69,3,7935,R-E
528,3,2441,R
306,3,5481,R
37,3,6442,R
529,3,4372,R
129,3,4549,R
222,3,3088,R
70,3,8582,R
144,18,3087,R
530,3,7571,R
531,1,1631,IR
532,11,4441,R
188,3,7036,R
332,34,1983,IR
533,95,7365,R
175,69,9403,R
297,96,4484,R
534,97,3747,R
535,3,4513,R
536,98,9402,R
390,99,7384,R
537,34,1928,IR
403,100,8021,R
538,3,378,IR
376,3,2711,R
539,101,4483,R
540,18,4510,R
496,3,5503,R
541,102,8089,R-E
328,45,1585,IR
406,10,4413,R
500,10,6313,R
500,3,6311,R
419,18,8124,R
41,10,2571,R
294,50,9007,R-E
411,103,8389,R
542,3,2081,R
69,3,7919,R-E
503,3,5074,R
543,3,5582,R
544,3,4011,R-E
392,104,9535,R
545,50,1630,IR
546,12,9011,R
126,3,5601,R
108,3,7913,R-E
369,12,4141,R
547,3,6403,R
548,18,2074,R
549,3,5306,R
550,3,1633,IR
78,3,7946,R-E
551,1,1658,IR
552,3,1589,IR
553,10,9507,R
554,3,2602,R
555,10,2518,R
556,40,9004,R
557,3,5733,R
558,49,1932,IR-N
559,1,1738,IR
560,3,9008,R
561,3,5444,R
562,3,4521,R
69,3,7933,R-E
563,3,1683,IR
69,3,7927,R-E
564,1,1858,IR
506,3,3550,R
165,18,2852,R
565,3,3501,R
566,3,1763,IR-N
100,3,5521,R
567,3,1751,IR
568,3,5112,R
569,12,3530,R
570,3,6402,R
360,3,9121,R
571,68,2593,R
572,3,5012,R
506,3,3542,R
412,3,1576,IR
573,34,1926,IR
557,3,5731,R
574,3,5411,R
406,105,4415,R
397,45,1682,IR
575,10,9138,R
576,12,4114,R
122,3,9621,R
577,3,6443,R
578,106,1851,IR
579,3,2184,R
100,3,5527,R
580,3,5104,R
581,3,79,IR-N
582,3,3503,R
583,34,8589,R
8,107,4073,R
69,3,7931,R-E
584,3,2031,R
177,3,8080,R-E
585,34,2592,R
586,23,3746,R
298,3,1062,R
587,50,2004,R-E
265,3,5730,R
588,3,4406,R
589,12,4581,R
590,3,3009,R-E
591,1,9001,R
592,13,3646,R
449,3,4313,R
593,3,1780,IR
300,3,9365,R
395,3,5570,R
594,3,5015,R
445,26,8340,R
69,3,7923,R-E
595,3,2443,R
596,3,1573,IR
100,3,5525,R
597,26,8381,R
598,3,4102,R
599,3,8093,R
41,3,2561,R
57,3,1582,IR
480,3,8012,R
600,3,1641,IR-N
601,108,4062,R
602,3,5202,R
603,109,4702,R
604,3,2014,R-E
605,110,460,IR-N
285,3,7904,R-E
46,3,4548,R
606,18,1553,IR
332,45,1587,IR
536,10,9406,R
607,3,347,IR-N
608,3,5302,R
609,3,9037,R-E
610,3,364,R
267,18,3534,R
611,3,2447,R
78,3,7944,R-E
533,111,7385,R
612,18,9109,R
613,1,1522,IR
614,19,3114,R
615,41,3118,R
40,18,9349,R
616,3,4116,R
493,3,2208,R
617,3,368,R
143,3,6454,R
433,3,9180,R-E
108,3,7911,R-E
618,50,1634,IR
236,3,4535,R
106,3,5508,R
43,3,1789,IR
132,3,2626,R
570,3,6404,R
619,3,2082,R
620,3,1755,IR
382,67,3129,R
621,102,8088,R-E
401,3,1596,IR
152,3,4518,R
244,3,2181,R
211,3,5415,R
622,3,1753,IR
78,3,7918,R-E
623,3,3022,R
624,3,9161,R
46,3,4542,R
625,3,5018,R
626,3,9302,R
627,3,2102,R
628,3,3541,R
42,11,4366,R
629,1,2011,R-E
411,21,8807,R
630,18,4522,R
433,3,9182,R-E
557,3,5735,R
472,3,9304,R
631,3,4094,R
632,3,2062,R
452,3,2583,R
633,3,1836,IR
634,3,1735,IR
415,3,5602,R
635,12,9502,R
636,3,2060,R
637,10,4118,R
638,12,9483,R
639,3,1754,IR
583,3,8585,R
640,3,3548,R
641,3,2104,R
642,3,3544,R
203,3,371,IR
643,3,4336,R
644,3,1730,IR
645,60,5206,R
646,3,1653,IR-N
71,23,2207,R
647,3,8091,R
648,3,9034,R-E
649,3,3500,R
650,112,4061,R
214,3,9437,R
651,12,2511,R
652,3,3073,R
653,3,5101,R
78,3,7928,R-E
583,3,8587,R
442,3,9668,R
654,1,9534,R
655,3,9015,R-E
406,3,4409,R
656,35,1969,IR
395,3,5562,R
657,33,2021,R
658,3,9695,R
151,3,9436,R
493,23,2210,R
133,3,5620,R
312,3,6455,R
659,18,5205,R
78,3,7934,R-E
518,113,8344,R
660,3,1752,IR
661,3,1734,IR
55,3,6411,R
418,3,1891,IR
662,3,8652,R
663,3,407,IR-N
664,3,2080,R
665,3,4373,R
434,3,2610,R
312,3,6457,R
666,3,1577,IR
69,3,7917,R-E
505,3,8152,R
30,3,9556,R
667,114,4703,R
668,23,3745,R
669,3,5472,R
135,3,2625,R
597,83,8395,R
449,11,4315,R
392,10,9531,R
670,3,3630,R
671,3,2043,R
672,12,9340,R
583,3,8581,R
673,13,2706,R
69,3,7915,R-E
38,18,9360,R
674,3,1880,IR
675,3,1732,IR
676,3,2185,R
154,3,2517,R
677,10,9036,R-E
389,35,6464,R-E
103,3,5721,R
678,13,3645,R
531,3,3001,R-E
493,3,2204,R
679,3,5102,R
680,3,72,IR
375,3,3549,R
125,3,9387,R
214,3,9435,R
125,18,9385,R
143,3,6458,R
681,3,2182,R
344,115,8101,R
489,75,8386,R
682,3,75,IR
683,10,2003,R-E
374,3,4536,R
495,26,8398,R
69,3,7943,R-E
684,3,9035,R-E
499,3,5409,R
685,3,5611,R
686,67,2374,R
334,3,8596,R
396,3,8204,R
687,3,1642,IR-N
146,3,5520,R
89,21,8803,R
688,50,2005,R-E
689,3,9381,R
690,3,1543,IR
691,10,5216,R
692,3,4337,R
693,3,1090,R
323,23,9665,R
694,116,2068,R
135,3,2623,R
43,3,1795,IR
695,11,4024,R-E
696,3,2705,R
697,25,2041,R
312,3,6453,R
108,3,7903,R-E
214,3,9433,R
384,3,9172,R
170,3,2563,R
568,3,5108,R
698,54,9031,R
177,26,8084,R-E
699,1,6004,R-E
241,3,374,IR
38,10,9368,R
318,3,3124,R
700,3,9027,R
701,3,8013,R
702,117,402,IR-N
594,3,5017,R
106,3,5506,R
703,54,5308,R
315,3,6506,R
704,67,2045,R
705,3,2016,R-E
618,66,3000,R-E
596,3,1575,IR
706,3,3512,R
15,118,4320,R
161,11,4041,R
707,21,1942,IR-N
708,21,1954,IR-N
709,3,3025,R
285,3,7908,R-E
17,3,36314,R
346,3,37651,R
99,3,7914,R-E
710,3,5432,R
458,3,5625,R
711,3,5407,R
712,119,401,IR-N
291,10,6312,R
46,3,4552,R
43,18,1787,IR
588,120,4416,R
713,18,9478,R
714,3,2089,R
359,3,2503,R
715,23,3643,R
165,3,2856,R
716,121,8382,R
277,3,9112,R
717,10,4442,R
669,3,5482,R
265,3,5732,R
718,3,4508,R
719,3,1741,IR-N
720,12,2066,R
721,3,9162,R
722,3,73,IR
723,122,2087,R
322,3,8123,R
390,3,7360,R
154,40,2513,R
724,3,7366,R
583,45,8583,R
300,18,9361,R
369,3,4149,R
489,26,8394,R
415,3,5608,R
725,1,9484,R
108,3,7959,R-E
192,3,5703,R
323,3,9663,R
218,3,4147,R
225,11,4457,R
726,3,3536,R
727,105,2702,R
596,3,1571,IR
728,69,9384,R
300,12,9363,R
729,3,1539,IR
164,34,8658,R
730,3,4012,R-E
731,31,1912,IR
618,1,1636,IR
732,18,5036,R
304,23,9612,R
95,110,461,IR-N
733,3,5054,R
23,14,3624,R
151,3,9432,R
129,3,4541,R
225,53,4071,R
734,3,2613,R
337,67,3123,R
241,3,376,IR
332,45,1581,IR
128,3,9101,R
288,123,8361,R
735,3,3081,R
108,3,7907,R-E
101,124,9165,R
736,44,1822,IR-N
214,3,9431,R
737,10,9508,R
738,3,2605,R
739,3,5401,R
740,3,3113,R
422,3,2512,R
741,13,3644,R
44,3,6505,R
577,3,6441,R
742,1,1623,IR
743,3,5022,R
744,1,6002,R-E
745,3,1742,IR-N
101,3,9169,R
467,3,7573,R
746,54,9348,R
136,3,5722,R
747,3,4512,R
99,3,7912,R-E
348,3,5417,R
748,12,4701,R
372,3,8591,R
493,3,2202,R
749,11,7565,R
750,10,2018,R-E
243,21,8802,R
38,12,9366,R
751,18,1556,IR
358,3,3028,R
752,3,6821,R
726,3,3528,R
588,125,4408,R
41,3,2565,R
753,3,4063,R
754,11,4339,R
755,18,5704,R
212,120,2710,R
756,3,4502,R
757,34,1981,IR
656,3,1769,IR
758,49,1962,IR-N
300,3,9369,R
759,3,4004,R-E
588,3,4410,R
760,1,3032,R
547,3,6401,R
415,3,5610,R
761,3,7402,R
597,126,8805,R
67,3,9662,R
762,127,2420,R
763,3,9185,R-E
764,3,1091,R
291,3,6316,R
765,10,2411,R
495,75,8388,R
124,18,5203,R
766,128,4007,R-E
78,3,7932,R-E
603,3,4490,R
767,3,3071,R
768,129,1531,IR
475,12,3513,R
769,3,9307,R
272,67,2372,R
225,3,4451,R
770,3,1537,IR
755,3,5702,R
119,3,1768,IR
493,3,2206,R
771,3,346,IR-N
772,22,2084,R
497,40,2585,R
54,3,8380,R
129,18,4545,R
605,29,1094,IR
773,37,9571,R
126,3,5603,R
99,3,7910,R-E
387,3,5035,R
774,3,4009,R-E
78,3,7922,R-E
45,10,6461,R-E
433,18,9184,R-E
775,3,5209,R
776,3,4096,R
372,3,8593,R
406,130,4407,R
43,3,1785,IR
69,3,7945,R-E
777,3,4107,R
778,18,5057,R
69,3,7953,R-E
779,12,2092,R
780,3,369,R
781,13,2701,R
78,3,7936,R-E
782,18,9023,R
189,103,8390,R
783,3,3026,R
784,131,9002,R
785,3,2044,R
452,3,2579,R
69,3,7937,R-E
786,18,8002,R
787,10,1555,IR
290,132,7570,R
788,3,1792,IR
789,34,1996,IR
579,3,2186,R
790,3,365,R
791,18,4509,R
133,3,5622,R
792,3,406,IR-N
121,3,6414,R
793,18,2072,R
458,3,5621,R
22,3,4363,R
794,3,2435,R
795,3,3117,R
796,3,5033,R
374,3,4534,R
797,3,2067,R
266,10,9012,R
161,17,4049,R
798,3,9667,R
588,12,4402,R
799,18,3531,R
800,18,2870,R
801,12,2001,R-E
290,3,7576,R
802,18,9479,R
803,34,1990,IR-N
415,3,5604,R
804,18,5014,R
154,18,2519,R
495,26,8392,R
588,3,4404,R
805,14,10562,R
806,11,10619,R
18,3,10606,R
452,133,10775,R
807,3,10533,R
808,3,10643,R
809,54,10739,R
515,3,10609,R
810,134,10502,R-E
28,135,10683,R
129,18,10737,R
811,12,10527,R
812,3,10557,R
809,136,10735,R
806,3,10627,R
813,3,10635,R
806,3,10621,R
452,133,10773,R
814,133,10522,R
588,11,10668,R
815,3,10616,R
816,3,10633,R
452,133,10771,R
817,137,10577,R
818,138,10510,R-E
129,133,10733,R
819,133,10503,R-E
515,3,10605,R
31,3,10692,R
28,3,10681,R
41,133,10769,R
820,139,10741,R
46,18,10734,R
31,3,10684,R
821,140,10746,R
822,3,10689,R
823,3,10603,R
824,3,10636,R
406,3,10665,R
806,11,10625,R
824,3,10634,R
406,3,10671,R
18,11,10600,R
825,11,10622,R
826,141,10507,R
161,3,10687,R
643,3,10608,R
812,3,10565,R
827,3,10552,R
828,3,10653,R
452,133,10777,R
829,3,10658,R
830,3,10528,R
831,3,10656,R
825,3,10624,R
832,40,10529,R
833,3,10534,R
31,3,10688,R
834,14,10550,R
834,142,10556,R
820,139,10743,R
835,141,10506,R
588,11,10662,R
161,3,10691,R
812,3,10561,R
588,3,10670,R
825,143,10626,R
406,3,10669,R
836,44,10644,R
812,144,10551,R
452,133,10779,R
825,3,10618,R
18,3,10610,R
837,3,10505,R-E
838,145,10578,R
839,11,10601,R
840,3,10650,R
251,146,10582,R
806,3,10617,R
841,3,10738,R
814,3,10520,R
825,3,10620,R
842,147,10509,R-E
843,14,10566,R
844,141,10504,R-E
836,3,10642,R
845,3,10535,R
208,148,10583,R
846,3,10659,R
814,3,10524,R
817,149,10579,R
588,3,10660,R
754,3,10607,R
166,3,10676,R
847,142,10678,R
588,3,10664,R
821,150,10742,R
848,3,10525,R
805,3,10554,R
849,151,10614,R
850,14,10555,R
841,54,10736,R
821,140,10744,R
841,136,10730,R
161,3,10685,R
18,3,10602,R
251,152,10580,R
824,3,10632,R
41,133,10767,R
31,3,10690,R
838,149,10576,R
851,3,10521,R
588,3,10666,R
406,11,10667,R
449,3,10675,R
805,3,10558,R
848,133,10523,R
643,3,10604,R
806,143,10629,R
809,3,10731,R
852,3,10680,R
208,153,10581,R
406,3,10661,R
853,133,10500,R-E
854,14,10508,R-E
855,3,10553,R
852,135,10682,R
856,133,10501,R-E
857,3,10531,R
806,3,10623,R
161,3,10693,R
812,14,10559,R
28,142,10679,R
31,3,10686,R
858,141,10655,R
41,133,10765,R
812,154,10563,R
41,133,10763,R
406,3,10663,R
588,3,10672,R
46,133,10732,R
859,3,10637,R
860,14,10567,R
820,155,10745,R
41,133,10761,R
808,3,10641,R
861,156,11506,IR
862,156,11505,IR
863,157,11534,R-E
863,157,11532,R-E
864,157,11525,R-E
531,157,11533,R-E
531,157,11537,R-E
865,100,11502,IR-N
864,158,11521,R-E
864,3,11523,R-E
866,159,11520,R-E
866,160,11522,R-E
863,157,11538,R-E
867,161,11500,IR-N
868,162,11504,IR-N
863,157,11536,R-E
869,163,11501,IR-N
531,157,11531,R-E
531,157,11535,R-E
870,129,1052,IR
871,129,1051,IR
872,3,11612,R-E
873,3,11631,R-E
328,164,11683,R-E
874,3,11632,R-E
872,3,11614,R-E
875,165,11611,R-E
873,3,11635,R-E
397,164,11682,R-E
874,166,11636,R-E
397,167,11684,R-E
874,3,11634,R-E
873,166,11633,R-E
872,165,11616,R-E
875,3,11613,R-E
328,167,11681,R-E
875,3,11615,R-E
876,3,11363,R
877,168,11033,R
878,3,11350,R
879,3,11323,R
880,3,11424,R
878,3,11344,R
881,3,11209,R
882,3,11411,R
883,3,11270,R
884,3,11202,R
885,169,11083,R-E
886,3,11149,R
887,3,11109,R
888,3,11343,R
889,3,11415,R
890,3,11279,R
891,3,11107,R
892,3,11473,R
893,3,11317,R
876,3,11365,R
889,3,11417,R
894,3,11486,R
877,3,11039,R
895,3,11190,R
888,3,11335,R
889,3,11419,R
890,3,11271,R
896,3,11188,R
897,3,11321,R
898,3,11378,R
883,3,11276,R
886,3,11151,R
878,3,11346,R
899,3,11402,R
900,3,11440,R
901,3,11103,R
902,3,11014,R
903,3,11434,R
904,3,11148,R
881,3,11211,R
905,170,11412,R
906,3,11178,R
907,3,11168,R
899,3,11404,R
899,3,11408,R
908,3,11301,R
909,3,11433,R
910,3,11489,R
878,3,11348,R
328,171,11087,R-E
911,3,11366,R
882,3,11405,R
894,3,11480,R
912,3,11020,R
116,3,11360,R
913,3,11431,R
892,3,11481,R
878,3,11340,R
894,3,11484,R
914,3,11106,R
904,3,11150,R
888,3,11355,R
121,170,11442,R
915,3,11316,R
916,3,11122,R
917,3,11208,R
918,3,11314,R
877,3,11037,R
888,3,11349,R
919,3,11101,R
903,3,11430,R
920,3,11364,R
878,3,11342,R
899,3,11410,R
889,3,11421,R
883,3,11274,R
878,3,11334,R
904,3,11146,R
921,3,11278,R
880,3,11420,R
888,3,11337,R
899,3,11406,R
922,3,11030,R
121,170,11444,R
898,3,11374,R
923,3,11127,R
877,3,11031,R
924,3,11438,R
894,3,11474,R
924,3,11432,R
881,3,11207,R
892,3,11483,R
925,3,11441,R
926,3,11180,R
888,3,11347,R
917,3,11212,R
912,3,11016,R
888,3,11345,R
878,3,11356,R
927,3,11372,R
928,169,11086,R-E
881,3,11213,R
878,3,11338,R
927,3,11384,R
889,3,11423,R
929,3,11183,R
930,3,11064,R-E
931,3,11012,R
917,3,11200,R
882,3,11401,R
888,3,11333,R
892,3,11485,R
882,3,11409,R
55,3,11445,R
880,3,11422,R
932,3,11187,R
933,3,11063,R-E
916,3,11124,R
894,3,11478,R
934,3,11302,R
935,3,11447,R-E
936,3,11171,R
907,3,11160,R
937,169,11082,R-E
904,3,11144,R
915,3,11320,R
920,3,11362,R
922,3,11028,R
880,3,11416,R
938,3,11437,R
939,3,11182,R
923,3,11123,R
892,3,11487,R
889,170,11413,R
940,3,11201,R
922,172,11038,R
888,3,11357,R
883,3,11280,R
925,3,11435,R
898,3,11382,R
906,3,11162,R
941,3,11185,R
890,3,11275,R
942,3,11436,R
929,3,11189,R
943,3,11019,R
890,3,11277,R
906,3,11174,R
878,3,11352,R
944,3,11367,R
945,3,11108,R
881,3,11203,R
892,3,11475,R
876,3,11361,R
878,3,11332,R
946,3,11164,R
877,3,11029,R
947,3,11105,R
918,3,11312,R
888,3,11351,R
892,3,11479,R
948,3,11425,R
907,3,11176,R
946,3,11172,R
949,3,11184,R
917,3,11204,R
950,3,11011,R
893,3,11315,R
878,3,11336,R
911,3,11368,R
948,3,11427,R
894,3,11476,R
906,3,11170,R
882,3,11403,R
951,3,11018,R
917,3,11210,R
899,3,11400,R
908,3,11303,R
883,3,11272,R
878,3,11330,R
888,3,11331,R
950,3,11017,R
914,3,11104,R
914,3,11102,R
904,3,11142,R
890,3,11281,R
881,3,11205,R
952,10,11446,R-E
904,3,11152,R
886,3,11143,R
55,3,11443,R
915,3,11310,R
917,3,11206,R
953,173,11062,R-E
927,3,11380,R
892,3,11477,R
922,3,11034,R
954,3,11471,R
916,3,11120,R
888,3,11339,R
955,3,11126,R
886,3,11141,R
898,3,11370,R
886,3,11145,R
956,169,11084,R-E
941,3,11181,R
397,168,11088,R-E
888,3,11341,R
888,3,11353,R
957,3,11186,R
877,3,11035,R
882,3,11407,R
906,3,11166,R
893,3,11311,R
923,3,11121,R
880,3,11418,R
923,3,11125,R
918,3,11318,R
958,3,11066,R-E
943,3,11015,R
927,3,11376,R
934,3,11300,R
894,3,11482,R
879,3,11313,R
894,3,11470,R
894,3,11472,R
959,3,11013,R
922,3,11032,R
879,3,11319,R
960,3,11273,R
878,3,11354,R
905,170,11414,R
961,3,11100,R
922,3,11036,R
907,3,11158,R
886,3,11147,R
938,3,11439,R
962,3,10242,R
963,3,10362,R
964,3,10239,R
963,3,10364,R
965,3,10289,R
966,3,10305,R
967,3,10034,R-E
968,3,10412,R
963,3,10352,R
964,3,10233,R
969,3,10065,R-E
970,3,10284,R
971,174,10057,R-E
972,3,10232,R
973,3,10310,R
968,3,10410,R
966,3,10311,R
974,175,10342,R
975,3,10210,R
963,3,10360,R
976,176,10401,R
977,177,10037,R-E
970,3,10270,R
47,3,10111,R-E
978,3,10183,R
972,3,10226,R
979,3,10209,R
980,18,10241,R
36,3,10411,R
980,18,10251,R
981,3,10361,R
982,3,10067,R-E
970,3,10278,R
983,99,10082,R-E
984,176,10031,R-E
985,99,10084,R-E
986,77,10059,R-E
980,3,10249,R
980,3,10245,R
972,45,10230,R
966,3,10307,R
981,10,10359,R
979,3,10205,R
964,45,10227,R
987,3,10051,R-E
988,19,10032,R-E
989,176,10420,R
981,3,10351,R
990,40,10322,R
974,3,10344,R
962,18,10246,R
991,3,10235,R
965,3,10287,R
964,3,10229,R
963,3,10358,R
992,3,10053,R-E
993,3,10263,R
965,3,10281,R
980,3,10257,R
976,3,10403,R
994,3,10262,R
965,3,10275,R
974,40,10340,R
995,3,10321,R
972,3,10222,R
996,176,10400,R
997,3,10090,R-E
970,3,10282,R
993,3,10261,R
69,3,10105,R-E
998,3,10063,R-E
999,174,10056,R-E
968,178,10416,R
980,3,10243,R
78,3,10106,R-E
969,179,10069,R-E
972,3,10236,R
970,3,10276,R
963,3,10366,R
47,3,10109,R-E
1000,44,10039,R-E
996,180,10406,R
969,3,10061,R-E
1001,3,10182,R
970,3,10288,R
962,18,10254,R
981,3,10365,R
1002,3,10052,R-E
962,3,10256,R
962,3,10250,R
1003,3,10323,R
968,3,10414,R
285,3,10102,R-E
981,18,10355,R
970,3,10290,R
962,3,10252,R
99,3,10112,R-E
972,3,10234,R
973,3,10308,R
36,3,10413,R
997,3,10092,R-E
1004,3,10036,R-E
973,3,10300,R
1005,176,10429,R
1006,12,10330,R
993,3,10267,R
78,3,10104,R-E
1007,181,10038,R-E
1008,3,10050,R-E
78,3,10108,R-E
965,3,10293,R
1001,3,10184,R
966,3,10303,R
973,3,10302,R
1009,99,10085,R-E
981,12,10363,R
1010,3,10055,R-E
1011,182,10073,R-E
1012,3,10202,R
1013,40,10346,R
1014,19,10035,R-E
972,3,10220,R
966,3,10301,R
1015,3,10091,R-E
1016,99,10081,R-E
1017,34,10225,R
994,3,10266,R
981,3,10357,R
970,3,10272,R
965,3,10291,R
965,3,10273,R
964,3,10231,R
972,34,10228,R
972,3,10224,R
965,3,10285,R
1018,99,10083,R-E
1019,3,10072,R-E
1020,176,10030,R-E
976,183,10407,R
962,3,10240,R
1006,3,10332,R
966,3,10309,R
972,3,10238,R
108,3,10101,R-E
1014,3,10033,R-E
996,176,10402,R
970,3,10280,R
1019,184,10074,R-E
99,3,10110,R-E
1021,99,10086,R-E
990,12,10324,R
994,3,10260,R
1022,3,10071,R-E
978,165,10181,R
996,176,10404,R
964,3,10223,R
963,3,10350,R
965,3,10279,R
980,185,10247,R
966,3,10313,R
1023,3,10271,R
1024,3,10062,R-E
1015,3,10093,R-E
36,3,10415,R
1025,3,10164,R
1026,3,10054,R-E
1027,3,10201,R
979,3,10203,R
1003,3,10325,R
963,18,10354,R
69,3,10107,R-E
965,3,10283,R
976,176,10405,R
965,12,10277,R
980,3,10255,R
1028,40,10331,R
1029,167,10185,R
973,3,10304,R
980,18,10253,R
69,3,10103,R-E
1030,3,10349,R
1031,3,10341,R
964,12,10237,R
981,3,10353,R
36,178,10417,R
963,3,10356,R
962,10,10258,R
980,40,10259,R
1032,12,10248,R
970,3,10274,R
1033,3,10320,R
970,3,10286,R
1034,3,10165,R
973,3,10306,R
966,12,10315,R
964,3,10221,R

